	App 1	App 2	App 3
1	120	182	0	
2	48	39	14	
3	0	130	238	
4	252	65	294	
5	192	299	28	
6	288	234	266	
7	264	156	28	
8	132	156	336	
9	156	286	56	
10	240	117	126	
11	276	286	238	
12	96	195	196	
13	96	169	140	
14	204	39	70	
15	168	312	224	
16	192	78	28	
17	48	78	308	
18	36	143	252	
19	96	52	28	
20	132	130	126	
21	168	286	196	
22	24	39	56	
23	24	52	112	
24	156	286	140	
25	156	234	42	
26	48	273	56	
27	192	26	28	
28	240	286	224	
29	12	26	210	
30	36	78	266	
31	156	78	140	
Sum	4248	4810	4466	

The most consumed appliance: App 2

The day App 1 consumed most energy is: Day 6	
The day App 2 consumed most energy is: Day 15	
The day App 3 consumed most energy is: Day 8	
